0.0
0.06957682070063137
0.3215945233049098
0.6186262946516019
0.7853981634
0.7853981634
0.8549749841006313
1.1069926867049098
1.404024458051602
1.5707963268
1.5707963268
1.6403731475006313
1.8923908501049098
2.1894226214516017
2.3561944902
2.3561944902
2.4257713109006316
2.67778901350491
2.9748207848516017
3.1415926536
3.1415926536
3.2111694743006316
3.46318717690491
3.7602189482516017
3.926990817
3.926990817
3.9965676377006316
4.24858534030491
4.545617111651602
4.7123889804
4.7123889804
4.781965801100632
5.03398350370491
5.331015275051602
5.4977871438
5.4977871438
5.567363964500632
5.81938166710491
6.116413438451602
6.2831853072
