-0.8531100312234484 4.440892098500626e-16
-0.8017112061092808 0.08726646260000034
-0.7439590385675037 0.17453292520000024
-0.6804709447118512 0.2617993878000001
-0.6118643406560578 0.34906585040000004
-0.5387566425138581 0.43633231299999997
-0.46176526639898585 0.5235987755999998
-0.3815076284251758 0.6108652381999997
-0.29860114470616295 0.6981317007999996
-0.21366323135568122 0.7853981633999996
-0.21368936446818246 0.7853981634000005
-0.12732213881838544 0.8726646260000004
-0.040161003190295995 0.9599310886000003
0.047176057564711674 1.0471975512
0.13407105859526425 1.1344640138000002
0.21990601504998702 1.2217304763999999
0.30406294207750645 1.3089969389999998
0.38592385482644864 1.3962634015999997
0.4648707684454396 1.4835298641999997
0.5402856980831054 1.5707963267999996
0.5399362059298527 1.5707963268000005
0.6116300725323732 1.6580627894000004
0.6783431942856386 1.7453292520000003
0.739733029709588 1.8325957146
0.7954570373241607 1.9198621772000002
0.8451726756492965 2.0071286398
0.8885374032049348 2.0943951024
0.9252086785110136 2.1816615649999997
0.9548439600874747 2.2689280275999995
0.9771007064542567 2.3561944901999996
0.9767128006786407 2.3561944902000005
0.9920090486165586 2.4434609528
0.9993712179541112 2.5307274154000003
0.998951517451119 2.617993878
0.9909021558674029 2.7052603406
0.975375341962783 2.7925268032
0.9525232844970808 2.8797932658
0.9224981922301161 2.9670597283999998
0.885452273921711 3.0543261909999995
0.841537738331682 3.1415926535999996
0.8413425651872348 3.1415926536000005
0.7912852649065192 3.2288591162
0.7349857824724106 3.3161255788000004
0.6730025091593692 3.4033920414
0.6058938362418531 3.490658504
0.5342181549943223 3.5779249666
0.4585338566912358 3.6651914292
0.37939933260705316 3.7524578918
0.2973729740162342 3.8397243543999995
0.21301317219323512 3.9269908169999996
0.2131252207342436 3.9269908170000005
0.12703753188406655 4.014257279600001
0.04005598037887353 4.1015237422
-0.047181917923450625 4.1887902048
-0.1340386471650215 4.276056667400001
-0.21987669148795208 4.36332313
-0.3040585350343578 4.4505895926
-0.3859466619463544 4.537856055200001
-0.46490355636605474 4.6251225178
-0.5402917024355748 4.7123889804
-0.5399379988482511 4.7123889804
-0.611627013151688 4.799655443
-0.6783380008991932 4.8869219056
-0.7397277575942989 4.9741883682
-0.7954530787405403 5.0614548308
-0.8451707598414528 5.1487212934
-0.888537596400569 5.235987756
-0.925210383921425 5.3232542186
-0.9548459179075547 5.4105206812
-0.9771009938624924 5.4977871438
-0.9767127948283194 5.4977871438
-0.9920087189886637 5.5850536064
-0.9993707747547182 5.672320069
-0.9989511158577439 5.7595865316
-0.9909018960290045 5.8468529942
-0.9753752689997632 5.9341194568
-0.9525233885012827 6.0213859194
-0.9224984082648269 6.108652382
-0.8854524820216584 6.1959188446
-0.8415377635030405 6.2831853072
